Entity1,Entity2
http://cmt_nl#c-0120110-7787945,http://conference_ru#c-1206340-7234699
http://cmt_nl#c-0406770-7176287,http://conference_ru#c-5630882-9289703
http://cmt_nl#c-0744921-3144577,http://conference_ru#c-8545277-6435263
http://cmt_nl#c-1467412-7387436,http://conference_ru#c-9113480-3653826
http://cmt_nl#c-4582130-1910383,http://conference_ru#c-3880579-5188609
http://cmt_nl#c-4926854-0907990,http://conference_ru#c-7736439-5987461
http://cmt_nl#c-4994957-2932971,http://conference_ru#c-5015180-9742278
http://cmt_nl#c-4994957-2932971,http://conference_ru#c-6405106-5351357
http://cmt_nl#c-8260644-2482124,http://conference_ru#c-7930891-4244102
http://cmt_nl#c-9264154-4017894,http://conference_ru#c-6030262-8074526
http://cmt_nl#c-9405134-3973856,http://conference_ru#c-6186091-4877051
http://cmt_nl#c-9405134-3973856,http://conference_ru#c-8684289-6960533
http://cmt_nl#c-9971141-2642146,http://conference_ru#c-9112529-2960668
http://cmt_nl#ent-9559932-7500512,http://conference_ru#ent-9968068-8963573
http://cmt_nl#op-6218286-1433549,http://conference_ru#op-7351676-7934122
http://cmt_nl#op-9425328-4984900,http://conference_ru#op-5624859-7572010
